_______________________________________________________________________
                           VIEW 2D_TABLES                              
                          BY RANGE OF PID                              
_______________________________________________________________________

table_2d_score (90,100) :

    A   R   N   D   C   Q   E   G   H  ...   K   M   F   P   S   T   W   Y   V
A   8 -11  -7  -9 -11 -12  -7  -5 -13  ... -12 -10 -14  -6  -4  -2 -16 -15  -4
R -11   8 -10 -13  -6  -5 -13  -8  -2  ...  -3  -9 -20 -11  -8  -8  -5 -12 -13
N  -7 -10   9  -4 -12  -9  -9  -7  -4  ...  -4 -11 -15 -12  -3  -5 -15  -9 -17
D  -9 -13  -4   8 -17 -14  -3  -7  -9  ... -13 -13 -18 -13  -9 -11 -16 -11 -12
C -11  -6 -12 -17  12 -14 -18  -7  -8  ... -15 -12  -7 -13  -5 -13  -8  -4 -12
Q -12  -5  -9 -14 -14   9  -5 -13  -2  ...  -4 -11 -14  -7  -9 -10 -11 -13 -13
E  -7 -13  -9  -3 -18  -5   8  -7 -13  ...  -7 -11 -17 -14 -11 -10 -13 -17  -9
G  -5  -8  -7  -7  -7 -13  -7   8  -9  ... -13 -12 -20 -12  -6 -10 -10 -14 -10
H -13  -2  -4  -9  -8  -2 -13  -9  11  ... -14 -13 -10  -7  -9  -9 -11  -3 -12
I -10 -11 -10 -16 -13 -16 -16 -15 -13  ... -10  -3  -7 -14 -11  -5 -15 -14  -1
L -12 -11 -17 -18 -12  -9 -15 -15  -8  ... -16  -4  -6  -7 -10 -14 -10 -14  -7
K -12  -3  -4 -13 -15  -4  -7 -13 -14  ...   8  -9 -16 -15 -10  -7 -12 -14 -12
M -10  -9 -11 -13 -12 -11 -11 -12 -13  ...  -9  11 -10 -13 -10  -5  -7 -12  -4
F -14 -20 -15 -18  -7 -14 -17 -20 -10  ... -16 -10   9 -16  -7 -14 -10  -3 -10
P  -6 -11 -12 -13 -13  -7 -14 -12  -7  ... -15 -13 -16   8  -5  -8 -15 -14 -13
S  -4  -8  -3  -9  -5  -9 -11  -6  -9  ... -10 -10  -7  -5   7  -3 -10 -10 -12
T  -2  -8  -5 -11 -13 -10 -10 -10  -9  ...  -7  -5 -14  -8  -3   8 -16 -12  -7
W -16  -5 -15 -16  -8 -11 -13 -10 -11  ... -12  -7 -10 -15 -10 -16  13  -5 -16
Y -15 -12  -9 -11  -4 -13 -17 -14  -3  ... -14 -12  -3 -14 -10 -12  -5  10 -13
V  -4 -13 -17 -12 -12 -13  -9 -10 -12  ... -12  -4 -10 -13 -12  -7 -16 -13   8

[20 rows x 20 columns]

table_2d_proba (90,100) :

          A         R         N  ...         W         Y         V
A  0.899668  0.001268  0.003407  ...  0.000040  0.000158  0.017869
R  0.001306  0.936669  0.001428  ...  0.001755  0.000367  0.000694
N  0.005441  0.002214  0.901290  ...  0.000063  0.001392  0.000190
D  0.002890  0.000604  0.010828  ...  0.000043  0.000647  0.000949
C  0.001257  0.007070  0.000628  ...  0.000786  0.008012  0.001100
Q  0.000936  0.013243  0.001739  ...  0.000201  0.000334  0.000602
E  0.005437  0.000722  0.001977  ...  0.000114  0.000076  0.002433
G  0.012257  0.004442  0.003208  ...  0.000288  0.000206  0.002221
H  0.000668  0.027853  0.011475  ...  0.000223  0.009470  0.000891
I  0.002342  0.001249  0.001353  ...  0.000052  0.000208  0.043716
L  0.000996  0.001205  0.000105  ...  0.000367  0.000183  0.006183
K  0.001058  0.020347  0.011760  ...  0.000169  0.000212  0.001015
M  0.002202  0.002980  0.001036  ...  0.001036  0.000389  0.014250
F  0.000553  0.000069  0.000207  ...  0.000346  0.008571  0.002281
P  0.008712  0.001584  0.000743  ...  0.000050  0.000248  0.000842
S  0.019043  0.003442  0.015869  ...  0.000344  0.000880  0.001185
T  0.029016  0.003888  0.007206  ...  0.000047  0.000427  0.005073
W  0.000249  0.010710  0.000249  ...  0.970083  0.004483  0.000249
Y  0.000385  0.000866  0.002117  ...  0.001732  0.961560  0.000770
V  0.018528  0.000698  0.000123  ...  0.000041  0.000329  0.915995

[20 rows x 20 columns]
SUM OVER A CHARACTER OF DESTINATION:

A    0.999869
R    0.999880
N    1.000105
D    0.999904
C    1.001043
Q    1.000141
E    0.999853
G    0.999884
H    1.000586
I    0.999993
L    0.999734
K    0.999895
M    1.000768
F    1.000164
P    0.999967
S    0.999855
T    0.999946
W    1.001963
Y    1.000435
V    0.999883
dtype: float64
